//---------------------------------------------------------------------------------------
// MSPro Team
// File Version: 2
//---------------------------------------------------------------------------------------
// SetEffects.txt
//---------------------------------------------------------------------------------------
// This file is for ONLY for Set Parts (Type 7 to 11)
//fuego 32394 (soporta rgb)
//---------------------------------------------------------------------------------------------------------------------------------------------------------------
// Type: 0: Static | 1: Dynamic | 2: Predefined Main Effect
//-----------------------------------------------------------------------------------------------------------------------------------
//	Item	Id		Type		Effect		Bone	Level		R		G		B		X		Y		Z		  Size		Main	Side
//Smoke Fire Azul (Flama alta)
//7       6      1      	32394      		20      0.0        0.32	0.88	0.00  	0.0     0.0     1.00  	   0.0		0.0     0.66
//8       6      1      	32394      		19      0.0        0.32	0.88	0.00  	0.0     0.0     1.00  	   0.0		0.0     0.66
//8       6      1      	32394      		26      0.0        0.32	0.88	0.00  	0.0     0.0     1.00  	   0.0	    0.0     0.66
//10      6      1      	32394      		27      0.0        0.32	0.88	0.00  	0.0     0.0     1.00  	   0.0		0.0     0.66
//10      6      1      	32394      		28      0.0        0.32	0.88	0.00  	0.0     0.0     1.00  	   0.0		0.0     0.66
//8       6      1      	32394      		35      0.0        0.32	0.88	0.00  	0.0     0.0     1.00  	   0.0		0.0     0.66
//10      6      1      	32394      		36      0.0        0.32	0.88	0.00  	0.0     0.0     1.00  	   0.0		0.0     0.66
//10      6      1      	32394      		37      0.0        0.32	0.88	0.00  	0.0     0.0     1.00  	   0.0		0.0     0.66
//9       6      1      	32394      		3       0.0        0.32	0.88	0.00  	0.0     0.0     1.00  	   0.0		0.0     0.66
//9       6      1      	32394      		10      0.0        0.32	0.88	0.00  	0.0     0.0     1.00  	   0.0		0.0     0.66
//11      6      1      	32394      		4       0.0        0.32	0.88	0.00  	0.0     0.0     1.00  	   0.0		0.0     0.33
//11      6      1      	32394      		11      0.0        0.32	0.88	0.00  	0.0     0.0     1.00  	   0.0		0.0     0.33
//11      6      1      	32394      		20      0.0        0.32	0.88	0.00  	0.0     0.0     1.00  	   0.0		0.0     0.33
//11      6      1      	32394      		19      0.0        0.32	0.88	0.00  	0.0     0.0     1.00  	   0.0		0.0     0.33
//11      6      1      	32391      		26      0.0        0.32	0.88	0.00 	0.0     0.0     1.00  	   0.10		0.30	0.20
//11      6      1      	32391      		27      0.0        0.32	0.88	0.00 	0.0     0.0     1.00  	   0.10		0.30	0.20
//11      6      1      	32391      		28      0.0        0.32	0.88	0.00 	0.0     0.0     1.00  	   0.10		0.30	0.20
//11      6      1      	32391      		35      0.0        0.32	0.88	0.00 	0.0     0.0     1.00  	   0.10		0.30	0.20
//11      6      1      	32391      		36      0.0        0.32	0.88	0.00 	0.0     0.0     1.00  	   0.10		0.30	0.20
////Smoke Fire celeste (Flama corta)
//7       6      1      	32394      		20      0.0       0.99	0.96	0.00  	0.0     0.0     0.50  	   0.0		0.0     0.40
//8       6      1      	32394      		19      0.0       0.99	0.96	0.00  	0.0     0.0     0.50  	   0.0		0.0     0.40
//8       6      1      	32394      		26      0.0       0.99	0.96	0.00  	0.0     0.0     0.50  	   0.0	    0.0     0.40
//10      6      1      	32394      		27      0.0       0.99	0.96	0.00  	0.0     0.0     0.50  	   0.0		0.0     0.40
//10      6      1      	32394      		28      0.0       0.99	0.96	0.00  	0.0     0.0     0.50  	   0.0		0.0     0.40
//8       6      1      	32394      		35      0.0       0.99	0.96	0.00  	0.0     0.0     0.50  	   0.0		0.0     0.40
//10      6      1      	32394      		36      0.0       0.99	0.96	0.00  	0.0     0.0     0.50  	   0.0		0.0     0.30
//10      6      1      	32394      		37      0.0       0.99	0.96	0.00  	0.0     0.0     0.50  	   0.0		0.0     0.30
//9       6      1      	32394      		3       0.0       0.99	0.96	0.00  	0.0     0.0     0.50  	   0.0		0.0     0.30
//9       6      1      	32394      		10      0.0       0.99	0.96	0.00  	0.0     0.0     0.50  	   0.0		0.0     0.30
//11      6      1      	32394      		4       0.0       0.99	0.96	0.00  	0.0     0.0     0.50  	   0.0		0.0     0.30
//11      6      1      	32394      		11      0.0       0.99	0.96	0.00  	0.0     0.0     0.50  	   0.0		0.0     0.10
//11      6      1      	32394      		5       0.0       0.99	0.96	0.00  	0.0     0.0     0.50  	   0.0		0.0     0.10
//11      6      1      	32394      		12      0.0       0.99	0.96	0.00  	0.0     0.0     0.50  	   0.0		0.0     0.10
end

