//id	name		    Opt2-1	val2-1	Opt2-2	val2-2	Opt3-1	val3-1	Opt3-2	val3-2	Opt4-1	val4-1	Opt4-2	val4-2	Opt5-1	val5-1	Opt5-2	val5-2	Opt6-1	val6-1	Opt6-2	val6-2	Opt7-1	val7-1	Opt7-2	val7-2	unk1	unk2	unk3	unk4	Count	Full1	Val1	Full2	Val2	Full3	Val3	Full4	Val4	Full5	Val5	DW	DK	FE	MG	DL	SU	RF
1		"Warrior큦"		0		10		-1		-1		19		10		-1		-1		13		20		-1		-1		14		5		-1		-1		10		20		-1		-1		1		10		-1		-1		-1		-1		-1		-1		8		15		5		17		5		0		25		-1		-1		-1		-1		0	0	0	0	0	0	0
2		"Anonymous큦"	11		50		-1		-1		1		50		-1		-1		22		25		-1		-1		-1		-1		-1		-1		-1		-1		-1		-1		-1		-1		-1		-1		-1		-1		-1		-1		5		8		30		-1		-1		-1		-1		-1		-1		-1		-1		0	0	0	0	0	0	0
3		"Hyperion큦"	2		15		-1		-1		1		15		-1		-1		-1		-1		-1		-1		-1		-1		-1		-1		-1		-1		-1		-1		-1		-1		-1		-1		-1		-1		-1		-1		4		19		20		12		30		-1		-1		-1		-1		-1		-1		0	0	0	0	0	0	0
4		"Mist큦"		3		20		-1		-1		19		30		-1		-1		-1		-1		-1		-1		-1		-1		-1		-1		-1		-1		-1		-1		-1		-1		-1		-1		-1		-1		-1		-1		4		20		10		1		20		-1		-1		-1		-1		-1		-1		0	0	0	0	0	0	0
5		"Eplete큦"		19		15		-1		-1		9		50		-1		-1		7		5		-1		-1		11		50		-1		-1		-1		-1		-1		-1		-1		-1		-1		-1		-1		-1		-1		-1		6		13		30		15		10		17		10		-1		-1		-1		-1		0	0	0	0	0	0	0
6		"Berserker큦"	6		10		-1		-1		6		20		-1		-1		6		30		-1		-1		6		40		-1		-1		-1		-1		-1		-1		-1		-1		-1		-1		-1		-1		-1		-1		6		19		40		0		40		-1		-1		-1		-1		-1		-1		0	0	0	0	0	0	0
7		"Garuda큦"		13		30		-1		-1		20		5		-1		-1		2		15		-1		-1		11		50		-1		-1		-1		-1		-1		-1		-1		-1		-1		-1		-1		-1		-1		-1		6		19		25		7		15		-1		-1		-1		-1		-1		-1		0	0	0	0	0	0	0
8		"Cloud큦"		15		20		-1		-1		-1		-1		-1		-1		-1		-1		-1		-1		-1		-1		-1		-1		-1		-1		-1		-1		-1		-1		-1		-1		-1		-1		-1		-1		3		16		50		-1		-1		-1		-1		-1		-1		-1		-1		0	0	0	0	0	0	0
9		"Kantata큦"		2		15		-1		-1		3		30		-1		-1		7		10		-1		-1		0		15		-1		-1		-1		-1		-1		-1		-1		-1		-1		-1		-1		-1		-1		-1		6		19		25		17		10		18		20		-1		-1		-1		-1		0	0	0	0	0	0	0
10		"Rave큦"		19		20		-1		-1		20		10		-1		-1		-1		-1		-1		-1		-1		-1		-1		-1		-1		-1		-1		-1		-1		-1		-1		-1		-1		-1		-1		-1		4		23		30		21		5		-1		-1		-1		-1		-1		-1		0	0	0	0	0	0	0
11		"Hyon큦"		10		25		-1		-1		20		10		-1		-1		19		20		-1		-1		-1		-1		-1		-1		-1		-1		-1		-1		-1		-1		-1		-1		-1		-1		-1		-1		5		15		15		17		15		16		20		18		20		-1		-1		0	0	0	0	0	0	0
12		"Vicious큦"		19		15		-1		-1		8		15		-1		-1		20		10		-1		-1		-1		-1		-1		-1		-1		-1		-1		-1		-1		-1		-1		-1		-1		-1		-1		-1		5		5		20		6		30		21		5		-1		-1		-1		-1		0	0	0	0	0	0	0
13		"Apollo큦"		2		10		-1		-1		7		5		-1		-1		19		10		-1		-1		12		30		-1		-1		11		30		-1		-1		13		20		-1		-1		-1		-1		-1		-1		8		15		10		17		10		2		30		-1		-1		-1		-1		0	0	0	0	0	0	0
14		"Barnake큦"		7		10		-1		-1		2		20		-1		-1		-1		-1		-1		-1		-1		-1		-1		-1		-1		-1		-1		-1		-1		-1		-1		-1		-1		-1		-1		-1		4		19		30		12		100		-1		-1		-1		-1		-1		-1		0	0	0	0	0	0	0
15		"Evis큦"		19		15		-1		-1		3		20		-1		-1		7		10		-1		-1		-1		-1		-1		-1		-1		-1		-1		-1		-1		-1		-1		-1		-1		-1		-1		-1		5		20		5		9		50		14		5		-1		-1		-1		-1		0	0	0	0	0	0	0
16		"Sylion큦"		20		5		-1		-1		15		5		-1		-1		10		20		-1		-1		-1		-1		-1		-1		-1		-1		-1		-1		-1		-1		-1		-1		-1		-1		-1		-1		5		0		50		1		50		3		50		2		50		-1		-1		0	0	0	0	0	0	0
17		"Heras큦"		0		15		-1		-1		7		10		-1		-1		22		5		-1		-1		2		15		-1		-1		9		50		-1		-1		-1		-1		-1		-1		-1		-1		-1		-1		7		15		10		17		10		11		50		12		50		-1		-1		0	0	0	0	0	0	0
18		"Minet큦"		2		30		-1		-1		10		30		-1		-1		-1		-1		-1		-1		-1		-1		-1		-1		-1		-1		-1		-1		-1		-1		-1		-1		-1		-1		-1		-1		4		12		100		19		15		-1		-1		-1		-1		-1		-1		0	0	0	0	0	0	0
19		"Anubis큦"		20		10		-1		-1		12		50		-1		-1		7		10		-1		-1		-1		-1		-1		-1		-1		-1		-1		-1		-1		-1		-1		-1		-1		-1		-1		-1		5		15		15		17		15		16		20		18		20		-1		-1		0	0	0	0	0	0	0
20		"Enis큦"		19		10		-1		-1		20		10		-1		-1		2		30		-1		-1		-1		-1		-1		-1		-1		-1		-1		-1		-1		-1		-1		-1		-1		-1		-1		-1		5		7		10		21		5		-1		-1		-1		-1		-1		-1		0	0	0	0	0	0	0
21		"Ceto큦"		1		10		-1		-1		11		50		-1		-1		10		20		-1		-1		22		5		-1		-1		2		10		-1		-1		-1		-1		-1		-1		-1		-1		-1		-1		7		11		50		0		20		-1		-1		-1		-1		-1		-1		0	0	0	0	0	0	0
22		"Drake큦"		1		20		-1		-1		8		25		-1		-1		20		20		-1		-1		-1		-1		-1		-1		-1		-1		-1		-1		-1		-1		-1		-1		-1		-1		-1		-1		5		10		40		15		10		-1		-1		-1		-1		-1		-1		0	0	0	0	0	0	0
23		"Gaia큦"		19		10		-1		-1		12		25		-1		-1		0		10		-1		-1		20		5		-1		-1		-1		-1		-1		-1		-1		-1		-1		-1		-1		-1		-1		-1		6		1		30		17		10		18		10		-1		-1		-1		-1		0	0	0	0	0	0	0
24		"Fase큦"		11		100		-1		-1		12		100		-1		-1		-1		-1		-1		-1		-1		-1		-1		-1		-1		-1		-1		-1		-1		-1		-1		-1		-1		-1		-1		-1		4		10		100		-1		-1		-1		-1		-1		-1		-1		-1		0	0	0	0	0	0	0
25		"Odin큦"		2		15		-1		-1		11		50		-1		-1		9		50		-1		-1		1		30		-1		-1		-1		-1		-1		-1		-1		-1		-1		-1		-1		-1		-1		-1		6		12		50		21		5		13		50		-1		-1		-1		-1		0	0	0	0	0	0	0
26		"Elvian큦"		1		30		-1		-1		-1		-1		-1		-1		-1		-1		-1		-1		-1		-1		-1		-1		-1		-1		-1		-1		-1		-1		-1		-1		-1		-1		-1		-1		3		21		5		-1		-1		-1		-1		-1		-1		-1		-1		0	0	0	0	0	0	0
27		"Argo큦"		6		20		-1		-1		19		25		-1		-1		-1		-1		-1		-1		-1		-1		-1		-1		-1		-1		-1		-1		-1		-1		-1		-1		-1		-1		-1		-1		4		13		50		20		5		-1		-1		-1		-1		-1		-1		0	0	0	0	0	0	0
28		"Karis큦"		19		15		-1		-1		20		10		-1		-1		-1		-1		-1		-1		-1		-1		-1		-1		-1		-1		-1		-1		-1		-1		-1		-1		-1		-1		-1		-1		4		15		10		1		40		-1		-1		-1		-1		-1		-1		0	0	0	0	0	0	0
29		"Gywen큦"		1		30		-1		-1		5		20		-1		20		10		20		-1		-1		6		20		-1		-1		-1		-1		-1		-1		-1		-1		-1		-1		-1		-1		-1		-1		6		15		15		17		15		16		20		18		20		-1		-1		0	0	0	0	0	0	0
30		"Aruan큦"		8		10		-1		-1		20		10		-1		-1		19		20		-1		-1		-1		-1		-1		-1		-1		-1		-1		-1		-1		-1		-1		-1		-1		-1		-1		-1		5		15		15		17		15		21		5		-1		-1		-1		-1		0	0	0	0	0	0	0
31		"Gaion큦"		21		5		-1		-1		20		15		-1		-1		19		15		-1		-1		-1		-1		-1		-1		-1		-1		-1		-1		-1		-1		-1		-1		-1		-1		-1		-1		5		17		15		18		30		7		10		0		30		-1		-1		0	0	0	0	0	0	0
32		"Muren큦"		19		10		-1		-1		7		10		-1		-1		20		10		-1		-1		-1		-1		-1		-1		-1		-1		-1		-1		-1		-1		-1		-1		-1		-1		-1		-1		5		15		15		17		15		10		25		23		20		-1		-1		0	0	0	0	0	0	0
33		"Agnis큦"		20		10		-1		-1		10		40		-1		-1		19		20		-1		-1		-1		-1		-1		-1		-1		-1		-1		-1		-1		-1		-1		-1		-1		-1		-1		-1		5		15		15		17		15		16		20		18		20		-1		-1		0	0	0	0	0	0	0
34		"Broy큦"		8		20		-1		-1		19		20		-1		-1		2		30		-1		-1		-1		-1		-1		-1		-1		-1		-1		-1		-1		-1		-1		-1		-1		-1		-1		-1		5		15		15		17		15		21		5		4		30		-1		-1		0	0	0	0	0	0	0
35		"Chrono큦"		20		20		-1		-1		10		60		-1		-1		19		30		-1		-1		-1		-1		-1		-1		-1		-1		-1		-1		-1		-1		-1		-1		-1		-1		-1		-1		5		15		15		17		15		16		20		18		20		-1		-1		0	0	0	0	0	0	0
36		"Semeden큦"		7		15		-1		-1		19		25		-1		-1		2		30		-1		-1		-1		-1		-1		-1		-1		-1		-1		-1		-1		-1		-1		-1		-1		-1		-1		-1		5		15		15		17		15		21		5		-1		-1		-1		-1		0	0	0	0	0	0	0
37		"Vega큦"		9		50		-1		-1		3		50		-1		-1		6		30		-1		-1		-1		-1		-1		-1		-1		-1		-1		-1		-1		-1		-1		-1		-1		-1		-1		-1		5		17		15		20		5		21		5		-1		-1		-1		-1		0	0	0	0	0	0	0
38		"Chamer큦"		10		50		-1		-1		20		5		-1		-1		8		30		-1		-1		-1		-1		-1		-1		-1		-1		-1		-1		-1		-1		-1		-1		-1		-1		-1		-1		5		16		30		17		15		19		30		18		20		-1		-1		0	0	0	0	0	0	0
39		"Moros큦"		11		30		-1		-1		19		25		-1		-1		10		20		-1		-1		20		10		-1		-1		-1		-1		-1		-1		-1		-1		-1		-1		-1		-1		-1		-1		6		15		10		17		10		16		10		18		10		-1		-1		0	0	0	0	0	0	0
40		"Dione큦"		11		30		-1		-1		19		25		-1		-1		10		20		-1		-1		20		10		-1		-1		-1		-1		-1		-1		-1		-1		-1		-1		-1		-1		-1		-1		6		15		10		17		10		16		10		18		10		-1		-1		0	0	0	0	0	0	0
41		"Hades큦"		11		30		-1		-1		19		25		-1		-1		10		20		-1		-1		20		10		-1		-1		-1		-1		-1		-1		-1		-1		-1		-1		-1		-1		-1		-1		6		15		10		17		10		16		10		18		10		-1		-1		0	0	0	0	0	0	0
42		"Ophion큦"		11		30		-1		-1		19		25		-1		-1		10		20		-1		-1		20		10		-1		-1		-1		-1		-1		-1		-1		-1		-1		-1		-1		-1		-1		-1		6		15		10		17		10		16		10		18		10		-1		-1		0	0	0	0	0	0	0
43		"Meter큦"		11		50		-1		-1		10		40		-1		-1		20		15		-1		-1		15		15		-1		-1		-1		-1		-1		-1		-1		-1		-1		-1		-1		-1		-1		-1		6		17		15		16		20		18		20		21		5		-1		-1		0	0	0	0	0	0	0
44		"Hegaton큦"		11		50		-1		-1		10		40		-1		-1		20		15		-1		-1		15		15		-1		-1		-1		-1		-1		-1		-1		-1		-1		-1		-1		-1		-1		-1		6		17		15		16		20		18		20		21		5		-1		-1		0	0	0	0	0	0	0
45		"Castol큦"		11		50		-1		-1		10		40		-1		-1		20		15		-1		-1		15		15		-1		-1		-1		-1		-1		-1		-1		-1		-1		-1		-1		-1		-1		-1		6		17		15		16		20		18		20		21		5		-1		-1		0	0	0	0	0	0	0
46		"Taros큦"		11		50		-1		-1		10		40		-1		-1		20		15		-1		-1		15		15		-1		-1		-1		-1		-1		-1		-1		-1		-1		-1		-1		-1		-1		-1		6		17		15		16		20		18		20		21		5		-1		-1		0	0	0	0	0	0	0
47		"Nemesis큦"		11		50		-1		-1		10		40		-1		-1		20		15		-1		-1		15		15		-1		-1		-1		-1		-1		-1		-1		-1		-1		-1		-1		-1		-1		-1		6		17		15		16		20		18		20		21		5		-1		-1		0	0	0	0	0	0	0
48		"Amis큦"		11		50		-1		-1		10		40		-1		-1		20		15		-1		-1		-1		-1		-1		-1		-1		-1		-1		-1		-1		-1		-1		-1		-1		-1		-1		-1		5		15		15		17		15		16		20		18		20		21		5		0	0	0	0	0	0	0
49		"Trite큦"		11		50		-1		-1		10		40		-1		-1		20		15		-1		-1		-1		-1		-1		-1		-1		-1		-1		-1		-1		-1		-1		-1		-1		-1		-1		-1		5		15		15		17		15		16		20		18		20		21		5		0	0	0	0	0	0	0
end