//----------------------------------------------------------------------------------------------------------------------------------------------------------------------------------------------------------------------------------------------------------------
// ToolTip Custom Colors
//----------------------------------------------------------------------------------------------------------------------------------------------------------------------------------------------------------------------------------------------------------------
//				[ 	 Text Color	  ]				[ 	 Background Color	  ]
//	[0~999]		[	 0.0 ~ 1.0	  ]				[		 0.0 ~ 1.0		  ]
//	[Index]		[R]		[G]		[B]			    [R]		[G]		[B]		[A]	
//----------------------------------------------------------------------------------------------------------------------------------------------------------------------------------------------------------------------------------------------------------------

//Webzen Default
	0			1.0		1.0		1.0				0.0		0.0		0.0		0.0 	//White
	1			0.5		0.7		1.0				0.0		0.0		0.0		0.0		//Blue
	2			1.0		0.2		0.1				0.0		0.0		0.0		0.0 	//Red
	3			1.0		0.8		0.1				0.0		0.0		0.0		0.0		//Yellow
	4			0.1		1.0		0.5				0.0		0.0		0.0		0.0		//Green
	5			1.0		1.0		1.0				0.627	0.0		0.0		1.0 	//Dark Red
	6			1.0		0.1		1.0				0.0		0.0		0.0		0.0		//Purple
	7			1.0		1.0		1.0				0.0		0.0		0.627	1.0 	//Dark Blue
	8			1.0		1.0		1.0				0.627	0.4		0.0		1.0 	//Dark Yellow
    9			0.0		1.0		0.0				0.235	0.235	0.78	1.0		//Green Blue
	10			0.4		0.4		0.4				0.0		0.0		0.0		0.0		//Grey 1
	11			0.8		0.5		0.8				0.0		0.0		0.0		0.0		//Red Purple
	12			0.7		0.4		1.0				0.0		0.0		0.0		0.0		//Violet
	13			0.9		0.42	0.04			0.0		0.0		0.0		0.0		//Orange
//Custom Colors                     
	14			1.0		1.0		1.0				0.9		0.42	0.04	1.0		//White + Orange
	15			0.0		1.0		0.0				0.0		0.0		0.0		0.0		//Green
	16			0.8		0.8		0.8				0.0		0.0		0.0		0.0		//Grey 2
end