//----------------------------------------------------------------------------------------------------------------
//->>  MSPro - MuServerPro Team - Desarrollos de MUOnline
//->>  Web: wwww.muserverpro.com
//->>  FB: @mspromu
//->>  © 2020 - 2022 MuServerPro Team
//----------------------------------------------------------------------------------------------------------------

//==============
// [Ref-1]
//==============
// Type 	= 0 Mastery 1 Value 2 Value 3 Value.

//==============
// [Ref-2]
//==============
// Class	= -1 All - 0 DW - 1 DK - 2 FE - 3 MG - 4 DL - 5 SU - 6 RF

0
//------------
//Free Account
//---------------------------------------------------------------------------------------------------------------------------------------------
// [Ref-1] [-1/Number]  [Ref-2] [0~15]  [0~512] [0~99999]  [0~15]   [0~1]   [0~1]   [0~7] [0~63] [0/1~2][254 Open/255 Clossed - 200~246 Types] 
// Type	   MapNumber	Class	Cat	    Index	Amount	   Level	Luck	Skill	Opt	  Exc	 Anc    Socket1 Socket2 Socket3 Socket4 Socket5
//---------------------------------------------------------------------------------------------------------------------------------------------
//DW
	0		-1	        0		7		3	    600		   15		1		0	    7	  63	 0	    255	    255	    255	    255	    255 // 
	0		-1	        0		8		3	    600		   15		1		0	    7	  63	 0	    255	    255	    255	    255	    255 // 
	0		-1	        0		9		3	    600		   15		1		0	    7	  63	 0	    255	    255	    255	    255	    255 // 
	0		-1	        0		10		3	    600		   15		1		0	    7	  63	 0	    255	    255	    255	    255	    255 // 
	0		-1	        0		11		3	    600		   15		1		0	    7	  63	 0	    255	    255	    255	    255	    255 //
//DK                                                                                                                                    
	0		-1	        1		7		1	    600		   15		1		0	    7	  63	 0	    255	    255	    255	    255	    255 // 
	0		-1	        1		8		1	    600		   15		1		0	    7	  63	 0	    255	    255	    255	    255	    255 //
	0		-1	        1		9		1	    600		   15		1		0	    7	  63	 0	    255	    255	    255	    255	    255 //
	0		-1	        1		10		1	    600		   15		1		0	    7	  63	 0	    255	    255	    255	    255	    255 //
	0		-1	        1		11		1	    600		   15		1		0	    7	  63	 0	    255	    255	    255	    255	    255 //
//FE	                                                                                                                                
	0		-1	        2		7		7	    600		   15		1		0	    7	  63	 0	    255	    255	    255	    255	    255 //
	0		-1	        2		8		7	    600		   15		1		0	    7	  63	 0	    255	    255	    255	    255	    255 //	
	0		-1	        2		9		7	    600		   15		1		0	    7	  63	 0	    255	    255	    255	    255	    255 //	
	0		-1	        2		10		7	    600		   15		1		0	    7	  63	 0	    255	    255	    255	    255	    255 //	
	0		-1	        2		11		7	    600		   15		1		0	    7	  63	 0	    255	    255	    255	    255	    255 //	
//MG		                                                                                                                            
	0		-1	        3		8		20	    600		   15		1		0	    7	  63	 0	    255	    255	    255	    255	    255 // 	
	0		-1	        3		9		20	    600		   15		1		0	    7	  63	 0	    255	    255	    255	    255	    255 // 	
	0		-1	        3		10		20	    600		   15		1		0	    7	  63	 0	    255	    255	    255	    255	    255 // 	
	0		-1	        3		11		20	    600		   15		1		0	    7	  63	 0	    255	    255	    255	    255	    255 //	
//DL	                                                                                                                                
	0		-1	        4		7		25	    600		   15		1		0	    7	  63	 0	    255	    255	    255	    255	    255 // 	
	0		-1	        4		8		25	    600		   15		1		0	    7	  63	 0	    255	    255	    255	    255	    255 //	
	0		-1	        4		9		25	    600		   15		1		0	    7	  63	 0	    255	    255	    255	    255	    255 //	
	0		-1	        4		10		25	    600		   15		1		0	    7	  63	 0	    255	    255	    255	    255	    255 //	
	0		-1	        4		11		25	    600		   15		1		0	    7	  63	 0	    255	    255	    255	    255	    255 //	
//SUM	                                                                                                                                
	0		-1	        5		7		40	    600		   15		1		0	    7	  63	 0	    255	    255	    255	    255	    255 // 	
	0		-1	        5		8		40	    600		   15		1		0	    7	  63	 0	    255	    255	    255	    255	    255 // 	
	0		-1	        5		9		40	    600		   15		1		0	    7	  63	 0	    255	    255	    255	    255	    255 //	
	0		-1	        5		10		40	    600		   15		1		0	    7	  63	 0	    255	    255	    255	    255	    255 //	
	0		-1	        5		11		40	    600		   15		1		0	    7	  63	 0	    255	    255	    255	    255	    255 //	
//RF	                                                                                                                                
	0		-1	        6		7		59	    600		   15		1		0	    7	  63	 0	    255	    255	    255	    255	    255 // 	
	0		-1	        6		8		59	    600		   15		1		0	    7	  63	 0	    255	    255	    255	    255	    255 // 	
	0		-1	        6		9		59	    600		   15		1		0	    7	  63	 0	    255	    255	    255	    255	    255 //	
	0		-1	        6		11		59	    600		   15		1		0	    7	  63	 0	    255	    255	    255	    255	    255 //		
end

1
//------------
//Vip1 Account
//---------------------------------------------------------------------------------------------------------------------------------------------
// [Ref-1] [-1/Number]  [Ref-2] [0~15]  [0~512] [0~99999]  [0~15]   [0~1]   [0~1]   [0~7] [0~63] [0/1~2][254 Open/255 Clossed - 200~246 Types] 
// Type	   MapNumber	Class	Cat	    Index	Amount	   Level	Luck	Skill	Opt	  Exc	 Anc    Socket1 Socket2 Socket3 Socket4 Socket5
//---------------------------------------------------------------------------------------------------------------------------------------------
//DW
	0		-1	        0		7		3	    600		   15		1		0	    7	  63	 0	    255	    255	    255	    255	    255 // 
	0		-1	        0		8		3	    600		   15		1		0	    7	  63	 0	    255	    255	    255	    255	    255 // 
	0		-1	        0		9		3	    600		   15		1		0	    7	  63	 0	    255	    255	    255	    255	    255 // 
	0		-1	        0		10		3	    600		   15		1		0	    7	  63	 0	    255	    255	    255	    255	    255 // 
	0		-1	        0		11		3	    600		   15		1		0	    7	  63	 0	    255	    255	    255	    255	    255 //
//DK                                                                                                                                    
	0		-1	        1		7		1	    600		   15		1		0	    7	  63	 0	    255	    255	    255	    255	    255 // 
	0		-1	        1		8		1	    600		   15		1		0	    7	  63	 0	    255	    255	    255	    255	    255 //
	0		-1	        1		9		1	    600		   15		1		0	    7	  63	 0	    255	    255	    255	    255	    255 //
	0		-1	        1		10		1	    600		   15		1		0	    7	  63	 0	    255	    255	    255	    255	    255 //
	0		-1	        1		11		1	    600		   15		1		0	    7	  63	 0	    255	    255	    255	    255	    255 //
//FE	                                                                                                                                
	0		-1	        2		7		7	    600		   15		1		0	    7	  63	 0	    255	    255	    255	    255	    255 //
	0		-1	        2		8		7	    600		   15		1		0	    7	  63	 0	    255	    255	    255	    255	    255 //	
	0		-1	        2		9		7	    600		   15		1		0	    7	  63	 0	    255	    255	    255	    255	    255 //	
	0		-1	        2		10		7	    600		   15		1		0	    7	  63	 0	    255	    255	    255	    255	    255 //	
	0		-1	        2		11		7	    600		   15		1		0	    7	  63	 0	    255	    255	    255	    255	    255 //	
//MG		                                                                                                                            
	0		-1	        3		8		20	    600		   15		1		0	    7	  63	 0	    255	    255	    255	    255	    255 // 	
	0		-1	        3		9		20	    600		   15		1		0	    7	  63	 0	    255	    255	    255	    255	    255 // 	
	0		-1	        3		10		20	    600		   15		1		0	    7	  63	 0	    255	    255	    255	    255	    255 // 	
	0		-1	        3		11		20	    600		   15		1		0	    7	  63	 0	    255	    255	    255	    255	    255 //	
//DL	                                                                                                                                
	0		-1	        4		7		25	    600		   15		1		0	    7	  63	 0	    255	    255	    255	    255	    255 // 	
	0		-1	        4		8		25	    600		   15		1		0	    7	  63	 0	    255	    255	    255	    255	    255 //	
	0		-1	        4		9		25	    600		   15		1		0	    7	  63	 0	    255	    255	    255	    255	    255 //	
	0		-1	        4		10		25	    600		   15		1		0	    7	  63	 0	    255	    255	    255	    255	    255 //	
	0		-1	        4		11		25	    600		   15		1		0	    7	  63	 0	    255	    255	    255	    255	    255 //	
//SUM	                                                                                                                                
	0		-1	        5		7		40	    600		   15		1		0	    7	  63	 0	    255	    255	    255	    255	    255 // 	
	0		-1	        5		8		40	    600		   15		1		0	    7	  63	 0	    255	    255	    255	    255	    255 // 	
	0		-1	        5		9		40	    600		   15		1		0	    7	  63	 0	    255	    255	    255	    255	    255 //	
	0		-1	        5		10		40	    600		   15		1		0	    7	  63	 0	    255	    255	    255	    255	    255 //	
	0		-1	        5		11		40	    600		   15		1		0	    7	  63	 0	    255	    255	    255	    255	    255 //	
//RF	                                                                                                                                
	0		-1	        6		7		59	    600		   15		1		0	    7	  63	 0	    255	    255	    255	    255	    255 // 	
	0		-1	        6		8		59	    600		   15		1		0	    7	  63	 0	    255	    255	    255	    255	    255 // 	
	0		-1	        6		9		59	    600		   15		1		0	    7	  63	 0	    255	    255	    255	    255	    255 //	
	0		-1	        6		11		59	    600		   15		1		0	    7	  63	 0	    255	    255	    255	    255	    255 //		
end

2
//------------
//Vip2 Account
//---------------------------------------------------------------------------------------------------------------------------------------------
// [Ref-1] [-1/Number]  [Ref-2] [0~15]  [0~512] [0~99999]  [0~15]   [0~1]   [0~1]   [0~7] [0~63] [0/1~2][254 Open/255 Clossed - 200~246 Types] 
// Type	   MapNumber	Class	Cat	    Index	Amount	   Level	Luck	Skill	Opt	  Exc	 Anc    Socket1 Socket2 Socket3 Socket4 Socket5
//---------------------------------------------------------------------------------------------------------------------------------------------
//DW
	0		-1	        0		7		3	    600		   15		1		0	    7	  63	 0	    255	    255	    255	    255	    255 // 
	0		-1	        0		8		3	    600		   15		1		0	    7	  63	 0	    255	    255	    255	    255	    255 // 
	0		-1	        0		9		3	    600		   15		1		0	    7	  63	 0	    255	    255	    255	    255	    255 // 
	0		-1	        0		10		3	    600		   15		1		0	    7	  63	 0	    255	    255	    255	    255	    255 // 
	0		-1	        0		11		3	    600		   15		1		0	    7	  63	 0	    255	    255	    255	    255	    255 //
//DK                                                                                                                                    
	0		-1	        1		7		1	    600		   15		1		0	    7	  63	 0	    255	    255	    255	    255	    255 // 
	0		-1	        1		8		1	    600		   15		1		0	    7	  63	 0	    255	    255	    255	    255	    255 //
	0		-1	        1		9		1	    600		   15		1		0	    7	  63	 0	    255	    255	    255	    255	    255 //
	0		-1	        1		10		1	    600		   15		1		0	    7	  63	 0	    255	    255	    255	    255	    255 //
	0		-1	        1		11		1	    600		   15		1		0	    7	  63	 0	    255	    255	    255	    255	    255 //
//FE	                                                                                                                                
	0		-1	        2		7		7	    600		   15		1		0	    7	  63	 0	    255	    255	    255	    255	    255 //
	0		-1	        2		8		7	    600		   15		1		0	    7	  63	 0	    255	    255	    255	    255	    255 //	
	0		-1	        2		9		7	    600		   15		1		0	    7	  63	 0	    255	    255	    255	    255	    255 //	
	0		-1	        2		10		7	    600		   15		1		0	    7	  63	 0	    255	    255	    255	    255	    255 //	
	0		-1	        2		11		7	    600		   15		1		0	    7	  63	 0	    255	    255	    255	    255	    255 //	
//MG		                                                                                                                            
	0		-1	        3		8		20	    600		   15		1		0	    7	  63	 0	    255	    255	    255	    255	    255 // 	
	0		-1	        3		9		20	    600		   15		1		0	    7	  63	 0	    255	    255	    255	    255	    255 // 	
	0		-1	        3		10		20	    600		   15		1		0	    7	  63	 0	    255	    255	    255	    255	    255 // 	
	0		-1	        3		11		20	    600		   15		1		0	    7	  63	 0	    255	    255	    255	    255	    255 //	
//DL	                                                                                                                                
	0		-1	        4		7		25	    600		   15		1		0	    7	  63	 0	    255	    255	    255	    255	    255 // 	
	0		-1	        4		8		25	    600		   15		1		0	    7	  63	 0	    255	    255	    255	    255	    255 //	
	0		-1	        4		9		25	    600		   15		1		0	    7	  63	 0	    255	    255	    255	    255	    255 //	
	0		-1	        4		10		25	    600		   15		1		0	    7	  63	 0	    255	    255	    255	    255	    255 //	
	0		-1	        4		11		25	    600		   15		1		0	    7	  63	 0	    255	    255	    255	    255	    255 //	
//SUM	                                                                                                                                
	0		-1	        5		7		40	    600		   15		1		0	    7	  63	 0	    255	    255	    255	    255	    255 // 	
	0		-1	        5		8		40	    600		   15		1		0	    7	  63	 0	    255	    255	    255	    255	    255 // 	
	0		-1	        5		9		40	    600		   15		1		0	    7	  63	 0	    255	    255	    255	    255	    255 //	
	0		-1	        5		10		40	    600		   15		1		0	    7	  63	 0	    255	    255	    255	    255	    255 //	
	0		-1	        5		11		40	    600		   15		1		0	    7	  63	 0	    255	    255	    255	    255	    255 //	
//RF	                                                                                                                                
	0		-1	        6		7		59	    600		   15		1		0	    7	  63	 0	    255	    255	    255	    255	    255 // 	
	0		-1	        6		8		59	    600		   15		1		0	    7	  63	 0	    255	    255	    255	    255	    255 // 	
	0		-1	        6		9		59	    600		   15		1		0	    7	  63	 0	    255	    255	    255	    255	    255 //	
	0		-1	        6		11		59	    600		   15		1		0	    7	  63	 0	    255	    255	    255	    255	    255 //		
end
3
//------------
//Vip3 Account
//---------------------------------------------------------------------------------------------------------------------------------------------
// [Ref-1] [-1/Number]  [Ref-2] [0~15]  [0~512] [0~99999]  [0~15]   [0~1]   [0~1]   [0~7] [0~63] [0/1~2][254 Open/255 Clossed - 200~246 Types] 
// Type	   MapNumber	Class	Cat	    Index	Amount	   Level	Luck	Skill	Opt	  Exc	 Anc    Socket1 Socket2 Socket3 Socket4 Socket5
//---------------------------------------------------------------------------------------------------------------------------------------------
//DW
	0		-1	        0		7		3	    600		   15		1		0	    7	  63	 0	    255	    255	    255	    255	    255 // 
	0		-1	        0		8		3	    600		   15		1		0	    7	  63	 0	    255	    255	    255	    255	    255 // 
	0		-1	        0		9		3	    600		   15		1		0	    7	  63	 0	    255	    255	    255	    255	    255 // 
	0		-1	        0		10		3	    600		   15		1		0	    7	  63	 0	    255	    255	    255	    255	    255 // 
	0		-1	        0		11		3	    600		   15		1		0	    7	  63	 0	    255	    255	    255	    255	    255 //
//DK                                                                                                                                    
	0		-1	        1		7		1	    600		   15		1		0	    7	  63	 0	    255	    255	    255	    255	    255 // 
	0		-1	        1		8		1	    600		   15		1		0	    7	  63	 0	    255	    255	    255	    255	    255 //
	0		-1	        1		9		1	    600		   15		1		0	    7	  63	 0	    255	    255	    255	    255	    255 //
	0		-1	        1		10		1	    600		   15		1		0	    7	  63	 0	    255	    255	    255	    255	    255 //
	0		-1	        1		11		1	    600		   15		1		0	    7	  63	 0	    255	    255	    255	    255	    255 //
//FE	                                                                                                                                
	0		-1	        2		7		7	    600		   15		1		0	    7	  63	 0	    255	    255	    255	    255	    255 //
	0		-1	        2		8		7	    600		   15		1		0	    7	  63	 0	    255	    255	    255	    255	    255 //	
	0		-1	        2		9		7	    600		   15		1		0	    7	  63	 0	    255	    255	    255	    255	    255 //	
	0		-1	        2		10		7	    600		   15		1		0	    7	  63	 0	    255	    255	    255	    255	    255 //	
	0		-1	        2		11		7	    600		   15		1		0	    7	  63	 0	    255	    255	    255	    255	    255 //	
//MG		                                                                                                                            
	0		-1	        3		8		20	    600		   15		1		0	    7	  63	 0	    255	    255	    255	    255	    255 // 	
	0		-1	        3		9		20	    600		   15		1		0	    7	  63	 0	    255	    255	    255	    255	    255 // 	
	0		-1	        3		10		20	    600		   15		1		0	    7	  63	 0	    255	    255	    255	    255	    255 // 	
	0		-1	        3		11		20	    600		   15		1		0	    7	  63	 0	    255	    255	    255	    255	    255 //	
//DL	                                                                                                                                
	0		-1	        4		7		25	    600		   15		1		0	    7	  63	 0	    255	    255	    255	    255	    255 // 	
	0		-1	        4		8		25	    600		   15		1		0	    7	  63	 0	    255	    255	    255	    255	    255 //	
	0		-1	        4		9		25	    600		   15		1		0	    7	  63	 0	    255	    255	    255	    255	    255 //	
	0		-1	        4		10		25	    600		   15		1		0	    7	  63	 0	    255	    255	    255	    255	    255 //	
	0		-1	        4		11		25	    600		   15		1		0	    7	  63	 0	    255	    255	    255	    255	    255 //	
//SUM	                                                                                                                                
	0		-1	        5		7		40	    600		   15		1		0	    7	  63	 0	    255	    255	    255	    255	    255 // 	
	0		-1	        5		8		40	    600		   15		1		0	    7	  63	 0	    255	    255	    255	    255	    255 // 	
	0		-1	        5		9		40	    600		   15		1		0	    7	  63	 0	    255	    255	    255	    255	    255 //	
	0		-1	        5		10		40	    600		   15		1		0	    7	  63	 0	    255	    255	    255	    255	    255 //	
	0		-1	        5		11		40	    600		   15		1		0	    7	  63	 0	    255	    255	    255	    255	    255 //	
//RF	                                                                                                                                
	0		-1	        6		7		59	    600		   15		1		0	    7	  63	 0	    255	    255	    255	    255	    255 // 	
	0		-1	        6		8		59	    600		   15		1		0	    7	  63	 0	    255	    255	    255	    255	    255 // 	
	0		-1	        6		9		59	    600		   15		1		0	    7	  63	 0	    255	    255	    255	    255	    255 //	
	0		-1	        6		11		59	    600		   15		1		0	    7	  63	 0	    255	    255	    255	    255	    255 //		
end